    thet   rho_a  anchor   rho_e      bp     c-h   omeg0   sig_a    mu_a     bta      ww
   0.713   0.337   2.989  -0.014   0.676  -0.003   0.260   0.426   0.927   0.941   1.025
 --------------------------------------------------
   0.650   0.200   2.500  -0.500   0.600  -0.050   0.001   0.300   0.700   0.940   1.000
   0.750   0.400   3.500   0.500   0.700   0.050   1.000   0.500   1.000   0.980   1.050
 --------------------------------------------------
     hsc     col     std    time     igc     ige avgearn  enroll
   1.000   1.000   1.000 100.000  10.000  10.000 100.000 100.000
 --------------------------------------------------
      DISTANCE:101023.971
 --------------------------------------------------
  hmax/smax*avge       hk/sk*max
  25.000  10.000   0.300   1.300
 --------------------------------------------------
   itmax    bign  switch
     300       1       2       0       0       0
 --------------------------------------------------
         eprem/avge:   148.660   100.000
         eprem/avge:   227.829    93.707
 --------------
    IR/enrl/ww/ups0:     4.000    43.124   102.000    47.773
    IR/enrl/ww/ups1:    -0.003    20.163   148.084    44.937
 --------------------------------------------------
                hsc:     0.717     0.865     0.906     0.953     1.000     0.961     0.802
               mhsc:     0.207     0.380     0.486     0.730     1.000     1.145     1.214
                col:     1.132     1.216     1.460     1.570     1.637     1.835     2.052
               mcol:     0.826     1.276     2.002     2.393     3.030     3.237     3.184
             logstd:    -0.097    -0.047    -0.041    -0.022     0.586     0.077     0.100
            mlogstd:    -0.395    -0.233    -0.086    -0.048     0.586     0.028     0.022
 --------------
               time:     1.519     0.104     0.797
              mtime:     1.025     0.241     0.581
               test:     1.314     3.209     1.188     1.236
              mtest:     3.013     2.458     1.137     0.992
               igc5:    34.100    20.800    67.500
              migc5:    36.377    33.593    61.469
 --------------------------------------------------
         hbins: 1.000
 --------------
 0.000 0.031 0.399 0.284 0.171 0.074 0.036 0.005 0.000 0.000 0.000 0.000 0.000
 --------------
        hkbins: 1.000
 --------------
 0.000 0.023 0.697 0.281 0.000 0.000 0.000 0.000 0.000 0.000 0.000 0.000 0.000
 --------------
         sbins: 1.000
 --------------
 0.000 0.229 0.092 0.076 0.077 0.068 0.067 0.065 0.057 0.052 0.048 0.039 0.032 0.028 0.022 0.016 0.013 0.009 0.005 0.003 0.001 0.001 0.000 0.000 0.000
 --------------
        skbins: 1.000
 --------------
 0.000 0.000 0.005 0.024 0.046 0.070 0.088 0.093 0.101 0.100 0.088 0.072 0.069 0.064 0.056 0.045 0.034 0.023 0.014 0.007 0.003 0.001 0.000 0.000 0.000
