    thet   rho_a  anchor   omeg0      bp     c-h   rho_e   sig_e    mu_a   sig_a     bta      ww     tfp
   0.395   0.157   5.067   0.103   0.742   0.013  -0.120   0.255   0.875   0.399   0.984   1.019   1.172
 --------------------------------------------------
   0.300   0.100   5.000   0.001   0.650  -0.050  -0.250   0.200   0.800   0.300   0.975   0.999   0.900
   0.400   0.200  10.000   1.000   0.750   0.050   0.250   0.300   0.900   0.400   0.985   1.100   1.400
 --------------------------------------------------
     hsc     col     std    time     igc avgearn  enroll
   1.000  10.000  10.000  10.000  10.000 100.000 100.000
 --------------------------------------------------
      DISTANCE:    25.204
 --------------------------------------------------
  hmax/smax*avge       hk/sk*max
  20.000   7.000   0.100   1.250
 --------------------------------------------------
   itmax    bign  switch
     250       1       0       0       0       0
 --------------------------------------------------
         eprem/avge:   153.559   100.000
         eprem/avge:   162.051    92.703
 --------------
    IR/enrl/ww/ups0:     4.000    45.712   101.875    45.736
    IR/enrl/ww/ups1:     4.258    46.593    93.721    46.370
 --------------------------------------------------
                avg:     0.599     0.749     0.854     0.927     0.995     1.000     0.886
               mavg:     0.237     0.364     0.467     0.630     0.870     1.000     0.983
                col:     1.137     1.217     1.454     1.571     1.640     1.838     2.114
               mcol:     1.190     1.441     1.565     1.669     1.844     1.938     1.834
             logstd:     0.488     0.536     0.545     0.563     0.586     0.659     0.677
            mlogstd:     0.487     0.423     0.508     0.622     0.683     0.787     0.785
 --------------
               time:     0.157     0.104     0.083
              mtime:     0.221     0.169     0.251
               test:     4.982    32.316    49.540     2.940     9.436    11.663
              mtest:    -1.696     0.929     1.624     0.196     0.391     0.475
               igc4:     0.341     0.675     0.177     0.208     0.450
              migc4:     0.314     1.032     0.196     0.266     0.093
 --------------------------------------------------
         hbins: 1.000
 --------------
 0.000 0.000 0.231 0.342 0.224 0.106 0.057 0.029 0.009 0.002 0.000 0.000 0.000
 --------------
        hkbins: 1.000
 --------------
 0.000 0.017 0.481 0.035 0.205 0.211 0.034 0.012 0.004 0.001 0.000 0.000 0.000
 --------------
         sbins: 1.000
 --------------
 0.000 0.260 0.084 0.115 0.119 0.100 0.078 0.056 0.044 0.034 0.029 0.021 0.018 0.014 0.010 0.007 0.004 0.003 0.001 0.001 0.000 0.000 0.000 0.000 0.000
 --------------
        skbins: 1.000
 --------------
 0.000 0.016 0.058 0.128 0.156 0.134 0.103 0.082 0.062 0.056 0.054 0.043 0.036 0.028 0.020 0.012 0.007 0.003 0.002 0.001 0.000 0.000 0.000 0.000 0.000
