    thet   rho_a  anchor   omeg0      bp     c-h   rho_e   sig_e    mu_a   sig_a     bta      ww     tfp
   0.350   0.200   2.500   2.500   0.750   0.000   0.000   0.250   0.800   0.350   0.980   1.100   1.750
 --------------------------------------------------
   0.200   0.100   1.000   1.000   0.700  -0.050  -0.500   0.200   0.700   0.300   0.970   0.999   1.500
   0.500   0.300   5.000   5.000   0.800   0.050   0.500   0.300   0.900   0.400   0.990   1.200   2.000
 --------------------------------------------------
     hsc     col     std    time     igc avgearn  enroll
   1.000  10.000  10.000  10.000  10.000 100.000 100.000
 --------------------------------------------------
      DISTANCE:    21.846
 --------------------------------------------------
  hmax/smax*avge       hk/sk*max
  20.000   7.000   0.067   1.250
 --------------------------------------------------
   itmax    bign  switch
     250       1       0       0       0       0
 --------------------------------------------------
         eprem/avge:   153.559   100.000
         eprem/avge:   154.839    98.881
 --------------
    IR/enrl/ww/ups0:     4.000    45.712   105.027    45.504
    IR/enrl/ww/ups1:     3.871    45.854    93.253    46.408
 --------------------------------------------------
                avg:     0.599     0.749     0.854     0.927     0.995     1.000     0.886
               mavg:     0.222     0.420     0.478     0.673     0.819     1.000     0.998
                col:     1.137     1.217     1.454     1.571     1.640     1.838     2.114
               mcol:     1.161     1.428     1.587     1.777     1.711     1.669     1.598
             logstd:     0.488     0.536     0.545     0.563     0.586     0.659     0.677
            mlogstd:     0.394     0.391     0.499     0.609     0.751     0.901     0.875
 --------------
               time:     0.157     0.104     0.083
              mtime:     0.235     0.101     0.173
               test:     4.982    32.316    49.540     2.940     9.436    11.663
              mtest:    -3.258     0.054     0.885     0.864     0.592     0.594
               igc4:     0.341     0.675     0.177     0.208     0.450
              migc4:     0.375     0.835     0.190     0.279     0.118
 --------------------------------------------------
         hbins: 1.000
 --------------
 0.000 0.010 0.331 0.294 0.177 0.090 0.053 0.028 0.012 0.003 0.001 0.000 0.000
 --------------
        hkbins: 1.000
 --------------
 0.000 0.283 0.217 0.141 0.127 0.097 0.121 0.012 0.003 0.000 0.000 0.000 0.000
 --------------
         sbins: 1.000
 --------------
 0.000 0.294 0.124 0.105 0.095 0.066 0.061 0.056 0.046 0.035 0.030 0.025 0.018 0.013 0.010 0.007 0.005 0.003 0.002 0.001 0.001 0.000 0.000 0.000 0.000
 --------------
        skbins: 1.000
 --------------
 0.000 0.029 0.072 0.124 0.140 0.109 0.092 0.087 0.075 0.061 0.054 0.047 0.037 0.026 0.017 0.014 0.008 0.005 0.003 0.001 0.000 0.000 0.000 0.000 0.000
