    thet   rho_a  anchor   omeg0      bp     c-h   rho_e   sig_e    mu_a   sig_a     bta      ww     tfp
   0.362   0.143   4.161   0.064   0.718   0.023   0.417   0.262   0.857   0.381   0.982   1.099   1.848
 --------------------------------------------------
   0.200   0.100   0.001   0.001   0.700  -0.050  -0.500   0.200   0.800   0.300   0.975   0.999   1.500
   0.400   0.300  10.000   1.000   0.800   0.050   0.500   0.300   0.900   0.400   0.985   1.200   2.250
 --------------------------------------------------
     hsc     col     std    time     igc avgearn  enroll
   1.000  10.000  10.000  10.000  10.000 100.000 100.000
 --------------------------------------------------
      DISTANCE:    33.511
 --------------------------------------------------
  hmax/smax*avge       hk/sk*max
  20.000   7.000   0.100   1.250
 --------------------------------------------------
   itmax    bign  switch
     250       1       0       0       0       0
 --------------------------------------------------
         eprem/avge:   153.559   100.000
         eprem/avge:   183.589    99.390
 --------------
    IR/enrl/ww/ups0:     4.000    45.712   109.938    45.158
    IR/enrl/ww/ups1:     4.912    44.867    87.123    46.926
 --------------------------------------------------
                avg:     0.599     0.749     0.854     0.927     0.995     1.000     0.886
               mavg:     0.182     0.409     0.476     0.624     0.821     1.000     1.023
                col:     1.137     1.217     1.454     1.571     1.640     1.838     2.114
               mcol:     1.369     1.562     1.830     1.949     2.126     2.149     2.018
             logstd:     0.488     0.536     0.545     0.563     0.586     0.659     0.677
            mlogstd:     0.332     0.343     0.487     0.553     0.647     0.762     0.766
 --------------
               time:     0.157     0.104     0.083
              mtime:     0.290     0.107     0.178
               test:     4.982    32.316    49.540     2.940     9.436    11.663
              mtest:    -2.619    -0.032     0.672     0.461     0.415     0.478
               igc4:     0.341     0.675     0.177     0.208     0.450
              migc4:     0.324     0.911     0.186     0.296     0.096
 --------------------------------------------------
         hbins: 1.000
 --------------
 0.000 0.002 0.273 0.312 0.211 0.103 0.057 0.030 0.010 0.002 0.000 0.000 0.000
 --------------
        hkbins: 1.000
 --------------
 0.000 0.177 0.329 0.146 0.210 0.131 0.007 0.001 0.000 0.000 0.000 0.000 0.000
 --------------
         sbins: 1.000
 --------------
 0.000 0.352 0.114 0.104 0.099 0.065 0.055 0.045 0.034 0.030 0.026 0.020 0.016 0.013 0.010 0.007 0.005 0.003 0.002 0.001 0.000 0.000 0.000 0.000 0.000
 --------------
        skbins: 1.000
 --------------
 0.000 0.014 0.064 0.118 0.148 0.146 0.112 0.080 0.066 0.059 0.048 0.042 0.032 0.025 0.018 0.013 0.007 0.004 0.002 0.000 0.000 0.000 0.000 0.000 0.000
