    thet   rho_a  anchor   omeg0      bp     c-h   rho_e   sig_e    mu_a   sig_a     bta      ww     tfp
   0.350   0.200   2.500   3.000   0.750   0.000   0.000   0.250   0.850   0.350   0.980   1.100   1.750
 --------------------------------------------------
   0.200   0.100   0.001   0.001   0.700  -0.050  -0.500   0.200   0.800   0.300   0.970   0.999   1.500
   0.500   0.300   5.000  15.000   0.800   0.050   0.500   0.300   0.900   0.400   0.990   1.200   2.000
 --------------------------------------------------
     hsc     col     std    time     igc avgearn  enroll
   1.000  10.000  10.000  10.000  10.000 100.000 100.000
 --------------------------------------------------
      DISTANCE:    84.357
 --------------------------------------------------
  hmax/smax*avge       hk/sk*max
  20.000   7.000   0.067   1.250
 --------------------------------------------------
   itmax    bign  switch
     250       1       0       0       0       0
 --------------------------------------------------
         eprem/avge:   153.559   100.000
         eprem/avge:    97.025    75.898
 --------------
    IR/enrl/ww/ups0:     4.000    45.712   110.000    45.153
    IR/enrl/ww/ups1:     5.305    93.350    19.517    58.291
 --------------------------------------------------
                avg:     0.599     0.749     0.854     0.927     0.995     1.000     0.886
               mavg:     0.199     0.341     0.502     0.605     0.798     1.000     1.015
                col:     1.137     1.217     1.454     1.571     1.640     1.838     2.114
               mcol:     0.909     0.856     0.972     0.959     0.991     1.048     1.074
             logstd:     0.488     0.536     0.545     0.563     0.586     0.659     0.677
            mlogstd:     0.464     0.456     0.503     0.627     0.699     0.817     0.808
 --------------
               time:     0.157     0.104     0.083
              mtime:     0.068     0.062     0.096
               test:     4.982    32.316    49.540     2.940     9.436    11.663
              mtest:    -0.569    -0.287    -0.127     0.504     0.440     0.490
               igc4:     0.341     0.675     0.177     0.208     0.450
              migc4:     0.346     0.215    -0.001     0.360     0.219
 --------------------------------------------------
         hbins: 1.000
 --------------
 0.000 0.002 0.386 0.324 0.162 0.076 0.038 0.010 0.002 0.000 0.000 0.000 0.000
 --------------
        hkbins: 1.000
 --------------
 0.000 0.000 0.000 0.083 0.335 0.355 0.115 0.061 0.039 0.007 0.003 0.001 0.000
 --------------
         sbins: 1.000
 --------------
 0.000 0.443 0.181 0.115 0.074 0.045 0.037 0.028 0.021 0.018 0.015 0.011 0.007 0.004 0.002 0.001 0.000 0.000 0.000 0.000 0.000 0.000 0.000 0.000 0.000
 --------------
        skbins: 1.000
 --------------
 0.000 0.046 0.146 0.166 0.162 0.125 0.083 0.065 0.058 0.045 0.040 0.029 0.019 0.009 0.003 0.002 0.001 0.000 0.000 0.000 0.000 0.000 0.000 0.000 0.000
